
matriz confusao de treino :
[[ 103.    0.    0.    0.    1.    3.    0.    1.    0.    0.]
 [   0.  104.    2.    0.    0.    0.    0.    0.    2.    0.]
 [   0.    2.  104.    0.    0.    0.    0.    0.    2.    0.]
 [   0.    0.    0.  107.    0.    0.    1.    0.    0.    0.]
 [   1.    0.    0.    0.  106.    1.    0.    0.    0.    0.]
 [   0.    0.    0.    0.    0.  108.    0.    0.    0.    0.]
 [   0.    4.    0.    2.    0.    0.  100.    1.    0.    1.]
 [   0.    0.    0.    1.    1.    2.    2.  100.    1.    1.]
 [   0.    3.    0.    0.    0.    0.    1.    0.  104.    0.]
 [   0.    0.    0.    1.    0.    0.    0.    1.    0.  106.]]

