matriz confusao de treino :
[[  1.60300000e+03   0.00000000e+00   0.00000000e+00   0.00000000e+00    3.00000000e+00   5.00000000e+00   0.00000000e+00   8.00000000e+00
    0.00000000e+00   1.00000000e+00]
 [  0.00000000e+00   1.58400000e+03   9.00000000e+00   2.00000000e+00    0.00000000e+00   0.00000000e+00   8.00000000e+00   3.00000000e+00
    1.40000000e+01   0.00000000e+00]
 [  0.00000000e+00   1.80000000e+01   1.57100000e+03   0.00000000e+00    0.00000000e+00   0.00000000e+00   7.00000000e+00   1.00000000e+00
    2.30000000e+01   0.00000000e+00]
 [  0.00000000e+00   2.00000000e+00   1.00000000e+00   1.60800000e+03    0.00000000e+00   0.00000000e+00   9.00000000e+00   0.00000000e+00
    0.00000000e+00   0.00000000e+00]
 [  1.00000000e+00   0.00000000e+00   0.00000000e+00   0.00000000e+00    1.61100000e+03   3.00000000e+00   1.00000000e+00   4.00000000e+00
    0.00000000e+00   0.00000000e+00]
 [  2.00000000e+00   0.00000000e+00   0.00000000e+00   0.00000000e+00    7.00000000e+00   1.59900000e+03   2.00000000e+00   8.00000000e+00
    0.00000000e+00   2.00000000e+00]
 [  0.00000000e+00   2.00000000e+00   4.00000000e+00   6.00000000e+00    0.00000000e+00   4.00000000e+00   1.59600000e+03   5.00000000e+00
    1.00000000e+00   2.00000000e+00]
 [  1.00000000e+00   0.00000000e+00   1.00000000e+00   0.00000000e+00    2.00000000e+00   5.00000000e+00   4.00000000e+00   1.60400000e+03
    1.00000000e+00   2.00000000e+00]
 [  2.00000000e+00   9.00000000e+00   8.00000000e+00   5.00000000e+00    1.00000000e+00   0.00000000e+00   4.00000000e+00   0.00000000e+00
    1.58900000e+03   2.00000000e+00]
 [  5.00000000e+00   0.00000000e+00   0.00000000e+00   1.00000000e+00    1.00000000e+00   8.00000000e+00   0.00000000e+00   3.00000000e+00
    0.00000000e+00   1.60200000e+03]]

