matriz confusao de treino :
[[  1.61100000e+03   0.00000000e+00   0.00000000e+00   0.00000000e+00    2.00000000e+00   3.00000000e+00   0.00000000e+00   3.00000000e+00
    0.00000000e+00   1.00000000e+00]
 [  0.00000000e+00   1.59900000e+03   7.00000000e+00   2.00000000e+00    0.00000000e+00   0.00000000e+00   2.00000000e+00   2.00000000e+00
    8.00000000e+00   0.00000000e+00]
 [  0.00000000e+00   3.00000000e+00   1.61100000e+03   0.00000000e+00    0.00000000e+00   0.00000000e+00   1.00000000e+00   0.00000000e+00
    5.00000000e+00   0.00000000e+00]
 [  0.00000000e+00   0.00000000e+00   0.00000000e+00   1.61800000e+03    0.00000000e+00   0.00000000e+00   2.00000000e+00   0.00000000e+00
    0.00000000e+00   0.00000000e+00]
 [  0.00000000e+00   0.00000000e+00   0.00000000e+00   0.00000000e+00    1.61700000e+03   2.00000000e+00   0.00000000e+00   1.00000000e+00
    0.00000000e+00   0.00000000e+00]
 [  2.00000000e+00   0.00000000e+00   0.00000000e+00   0.00000000e+00    5.00000000e+00   1.60800000e+03   0.00000000e+00   3.00000000e+00
    0.00000000e+00   2.00000000e+00]
 [  0.00000000e+00   0.00000000e+00   0.00000000e+00   2.00000000e+00    0.00000000e+00   0.00000000e+00   1.61800000e+03   0.00000000e+00
    0.00000000e+00   0.00000000e+00]
 [  0.00000000e+00   0.00000000e+00   0.00000000e+00   0.00000000e+00    3.00000000e+00   1.00000000e+00   0.00000000e+00   1.61600000e+03
    0.00000000e+00   0.00000000e+00]
 [  1.00000000e+00   3.00000000e+00   7.00000000e+00   0.00000000e+00    1.00000000e+00   0.00000000e+00   0.00000000e+00   0.00000000e+00
    1.60800000e+03   0.00000000e+00]
 [  1.00000000e+00   0.00000000e+00   0.00000000e+00   0.00000000e+00    0.00000000e+00   5.00000000e+00   0.00000000e+00   1.00000000e+00
    0.00000000e+00   1.61300000e+03]]

