matriz confusao de treino :
[[ 107.    0.    0.    0.    0.    1.    0.    0.    0.    0.]
 [   0.  107.    0.    0.    0.    0.    0.    0.    1.    0.]
 [   0.    1.  106.    0.    0.    0.    0.    0.    1.    0.]
 [   0.    0.    0.  108.    0.    0.    0.    0.    0.    0.]
 [   0.    0.    0.    0.  108.    0.    0.    0.    0.    0.]
 [   0.    0.    0.    0.    0.  108.    0.    0.    0.    0.]
 [   0.    0.    0.    0.    0.    0.  107.    0.    1.    0.]
 [   0.    0.    0.    0.    0.    1.    1.  106.    0.    0.]
 [   0.    1.    0.    0.    0.    0.    1.    0.  106.    0.]

