matriz confusao de treino :
[[ 104.    0.    0.    0.    3.    1.    0.    0.    0.    0.]
 [   0.  105.    1.    0.    0.    0.    0.    0.    2.    0.]
 [   0.    2.  104.    0.    0.    0.    0.    0.    2.    0.]
 [   0.    0.    0.  107.    0.    0.    0.    0.    1.    0.]
 [   2.    0.    0.    0.  105.    1.    0.    0.    0.    0.]
 [   1.    0.    0.    0.    0.  105.    0.    0.    0.    2.]
 [   0.    2.    1.    1.    0.    0.  103.    1.    0.    0.]
 [   1.    0.    0.    1.    0.    0.    1.  105.    0.    0.]
 [   0.    1.    3.    0.    0.    0.    0.    0.  104.    0.]
 [   0.    1.    0.    0.    0.    0.    0.    0.    0.  107.]]

